15 0.287428 0.125421 0.139955 0.014148
21 0.556349 0.126801 0.083279 0.012078
12 0.818041 0.126974 0.126653 0.016564
16 0.225547 0.142847 0.119135 0.015183
14 0.526565 0.145608 0.022555 0.011042
13 0.721461 0.14509 0.116243 0.014148
9 0.194896 0.161481 0.053206 0.013113
5 0.514421 0.164069 0.085014 0.012078
19 0.858235 0.164932 0.045109 0.010352
4 0.158461 0.178735 0.065929 0.014493
7 0.518469 0.182703 0.176389 0.012768
11 0.8325 0.181323 0.054941 0.018289
8 0.295524 0.199095 0.054363 0.010352
18 0.731293 0.202373 0.135906 0.012078
22 0.190269 0.214278 0.084436 0.017254
24 0.461504 0.218074 0.050893 0.014493
0 0.204727 0.245335 0.01735 0.012423
10 0.306513 0.24568 0.054363 0.013113
23 0.720304 0.246887 0.220342 0.014838
20 0.507481 0.282258 0.016771 0.012423