15 0.252505 0.158561 0.147854 0.017494
21 0.496072 0.156062 0.076427 0.017494
12 0.766066 0.148877 0.12214 0.023117
16 0.217863 0.184177 0.178568 0.02624
14 0.495 0.182615 0.017142 0.018118
13 0.75428 0.178866 0.277137 0.028115
9 0.157864 0.211667 0.062856 0.017494
5 0.518571 0.211042 0.184282 0.013745
19 0.824636 0.207294 0.050713 0.017494
4 0.10358 0.238845 0.032856 0.018118
7 0.474643 0.238845 0.184996 0.018118
11 0.802494 0.235408 0.072141 0.024991
8 0.261791 0.266959 0.064999 0.018118
18 0.688567 0.265398 0.124283 0.017494
22 0.148222 0.290388 0.084998 0.02624
24 0.448573 0.292263 0.131426 0.02749
2 0.798565 0.298823 0.279994 0.031863
0 0.165007 0.33506 0.02 0.016869
10 0.251077 0.335685 0.044999 0.019368
3 0.401074 0.336934 0.033571 0.016869
23 0.720352 0.333185 0.233566 0.024366
1 0.261077 0.363487 0.046428 0.019993
6 0.691424 0.365049 0.04857 0.018118
17 0.260362 0.391289 0.049285 0.019368