15 0.337393 0.165701 0.148688 0.011752
21 0.576041 0.165491 0.071968 0.011332
12 0.830645 0.16717 0.120852 0.013011
16 0.324154 0.182909 0.214546 0.018467
14 0.548205 0.183329 0.016295 0.010912
13 0.719298 0.18207 0.073326 0.020985
9 0.244378 0.200747 0.063142 0.011332
5 0.528516 0.201377 0.0516 0.010912
19 0.869344 0.201587 0.043452 0.011332
4 0.193458 0.218375 0.030552 0.009653
7 0.546847 0.219214 0.168378 0.012172
11 0.883602 0.217116 0.128999 0.01469
8 0.34213 0.236576 0.0602 0.011392
18 0.740184 0.236576 0.109342 0.011392
22 0.235859 0.250816 0.081085 0.018607
24 0.486179 0.252715 0.044842 0.01481
0 0.250295 0.281195 0.0129 0.011012
10 0.341516 0.281006 0.040543 0.011392
3 0.461915 0.281006 0.031943 0.008354
23 0.73957 0.280436 0.20517 0.017088
1 0.302509 0.298663 0.044842 0.009493
17 0.30343 0.316701 0.041771 0.010633
20 0.543921 0.316701 0.022728 0.009873