15 0.247136 0.135663 0.130201 0.013756
21 0.48047 0.133579 0.077435 0.012089
12 0.698043 0.133162 0.056192 0.011255
16 0.217326 0.151921 0.169262 0.017925
14 0.481498 0.151087 0.015076 0.01459
13 0.721685 0.150045 0.255606 0.024178
9 0.161477 0.169012 0.063045 0.012923
5 0.476016 0.170054 0.123349 0.011672
4 0.11762 0.185478 0.053451 0.01334
7 0.46094 0.187979 0.175429 0.010838
11 0.760402 0.185061 0.065786 0.015007
9 0.231374 0.205488 0.063045 0.012506
18 0.638424 0.205488 0.115125 0.011672
22 0.152568 0.221954 0.084973 0.013756
24 0.398237 0.22112 0.044543 0.015424
0 0.167644 0.250925 0.015076 0.010838
10 0.252275 0.250925 0.044543 0.011672
3 0.394469 0.250092 0.034263 0.011672
23 0.621293 0.248216 0.212434 0.01459
1 0.293049 0.258846 0.049339 0.014173
6 0.705581 0.256553 0.045228 0.013756
17 0.261184 0.285942 0.041801 0.010005