15 0.306129 0.174549 0.143296 0.017184
21 0.562867 0.175597 0.073755 0.012574
12 0.797128 0.175178 0.053385 0.017603
16 0.305076 0.192362 0.243743 0.017603
14 0.533717 0.193619 0.014049 0.011736
13 0.806962 0.19341 0.255684 0.020537
9 0.228862 0.210803 0.09553 0.011736
5 0.5288 0.211642 0.082887 0.012574
19 0.871937 0.21248 0.041443 0.011736
4 0.166697 0.22673 0.055492 0.015089
7 0.533014 0.229874 0.172798 0.012155
11 0.857186 0.230502 0.07516 0.011736
8 0.330012 0.246429 0.09553 0.011736
18 0.731099 0.248525 0.102555 0.013412
22 0.202872 0.262565 0.084292 0.015508
24 0.466635 0.264032 0.045658 0.016765
0 0.218326 0.292533 0.014049 0.009221
10 0.313856 0.292323 0.044956 0.012155
3 0.440996 0.292323 0.037931 0.012155
23 0.733558 0.292533 0.21986 0.01425
1 0.273115 0.309088 0.042146 0.011316
17 0.275222 0.326901 0.040741 0.012574
20 0.521424 0.327739 0.018966 0.012574