15 0.254104 0.156109 0.153286 0.023756
21 0.501597 0.15526 0.077282 0.017534
12 0.733123 0.154412 0.061314 0.030543
16 0.217059 0.182127 0.182666 0.027149
14 0.500958 0.183258 0.012135 0.015837
13 0.675002 0.184389 0.108578 0.023756
9 0.179377 0.20871 0.108578 0.016968
5 0.489462 0.209842 0.118158 0.016968
19 0.806253 0.20871 0.015967 0.015837
4 0.104011 0.234729 0.031935 0.016968
7 0.479243 0.236143 0.183305 0.019796
11 0.800185 0.234729 0.067701 0.021493
8 0.284761 0.262726 0.11241 0.017534
18 0.69544 0.261878 0.132848 0.0181
22 0.148081 0.284785 0.086862 0.025452
24 0.410264 0.288462 0.045347 0.021493
0 0.164367 0.328903 0.012135 0.015271
10 0.251868 0.329751 0.046625 0.015837
23 0.689372 0.326923 0.228013 0.020362
1 0.262726 0.355769 0.04407 0.016968
6 0.699591 0.355204 0.036405 0.0181
17 0.263684 0.384333 0.042154 0.016403