15 0.266673 0.171917 0.142996 0.015488
21 0.501046 0.172537 0.073242 0.017966
12 0.753904 0.175015 0.125557 0.021683
16 0.200755 0.197008 0.117187 0.018586
14 0.506627 0.197008 0.021624 0.014869
13 0.671944 0.197317 0.115094 0.017966
9 0.169366 0.222718 0.051618 0.019205
5 0.476284 0.224267 0.086495 0.014869
19 0.806569 0.223647 0.04255 0.014869
4 0.115656 0.248738 0.025111 0.014249
7 0.481166 0.250596 0.17299 0.014249
11 0.80622 0.24595 0.103236 0.024781
8 0.269463 0.275997 0.053711 0.015488
18 0.696009 0.278165 0.140903 0.013629
22 0.163786 0.299229 0.08789 0.02602
24 0.420829 0.302017 0.053711 0.020444
0 0.180178 0.343834 0.016043 0.014869
10 0.261441 0.343524 0.033482 0.015488
23 0.672292 0.341976 0.212052 0.019825
20 0.449777 0.395254 0.011161 0.017347