15 0.264059 0.180604 0.135747 0.019249
21 0.537492 0.182302 0.085326 0.01472
12 0.804137 0.18032 0.128636 0.020948
16 0.20459 0.206081 0.11894 0.020382
14 0.507434 0.208628 0.02521 0.017551
13 0.707175 0.20693 0.120879 0.020948
9 0.170976 0.234105 0.053006 0.016419
5 0.495475 0.236087 0.085326 0.015852
19 0.846477 0.238068 0.045249 0.016419
4 0.13607 0.258733 0.065934 0.020382
7 0.50097 0.263545 0.179056 0.016419
11 0.82256 0.259299 0.051713 0.024911
8 0.274725 0.288739 0.054945 0.015852
18 0.717841 0.292136 0.134454 0.016985
22 0.166128 0.312801 0.085973 0.023212
24 0.441176 0.313933 0.049127 0.024345
0 0.181642 0.358376 0.012282 0.016985
10 0.283775 0.357244 0.054945 0.016985
23 0.707498 0.356961 0.222366 0.020948
20 0.489334 0.410746 0.018746 0.017551